19098 8.68209961944 AskReddit 0.89 59781
1038 8.85333049778 AskReddit 0.78 59781
778 8.07312296944 AskReddit 0.91 59781
355 5.42432280083 AskReddit 0.94 59781
457 7.96601126778 AskReddit 0.9 59781
3682 19.1576004347 AskReddit 0.92 59781
32948 23.0684810069 AskReddit 0.87 59781
139 2.81772044528 AskReddit 0.92 59781
257 6.2465885175 AskReddit 0.93 59781
102 2.97039511472 AskReddit 0.89 59781
271 8.41512474861 AskReddit 0.86 59781
2902 20.8369823256 AskReddit 0.94 59781
146 5.20658335194 AskReddit 0.92 59781
282 9.41906665111 AskReddit 0.89 59781
125 5.79382197167 AskReddit 0.89 59781
348 11.3653493144 AskReddit 0.91 59781
677 15.4803434253 AskReddit 0.89 59781
89 4.60752313194 AskReddit 0.9 59781
168 8.03274502167 AskReddit 0.87 59781
139 8.10337094472 AskReddit 0.88 59781
119 8.06457322889 AskReddit 0.91 59781
58 4.56436745444 AskReddit 0.86 59781
90 7.35558750028 AskReddit 0.82 59781
57 4.98267151361 AskReddit 0.84 59781
28 1.31977907333 AskReddit 0.9 59781
13832 30.9073044392 AskReddit 0.89 59781
32 2.17049905028 AskReddit 0.76 59781
29 1.80882193417 AskReddit 0.82 59781
37408 31.9595764417 AskReddit 0.88 59781
605 19.0834725494 AskReddit 0.83 59781
78 8.21535231472 AskReddit 0.88 59781
23 0.754987941389 AskReddit 0.93 59781
2191 26.1120437436 AskReddit 0.92 59781
77 8.09424505917 AskReddit 0.87 59781
54 6.33164332333 AskReddit 0.85 59781
36 4.43996432667 AskReddit 0.78 59781
24 1.88386913778 AskReddit 0.77 59781
25 2.43619923889 AskReddit 0.77 59781
20 0.678922223611 AskReddit 0.82 59781
35 4.20296469444 AskReddit 0.78 59781
49 6.660595475 AskReddit 0.62 59781
24 2.91128394056 AskReddit 0.77 59781
53 7.55528495111 AskReddit 0.85 59781
308 17.3470374192 AskReddit 0.91 59781
16 1.87616456917 AskReddit 0.68 59781
37 5.66973135833 AskReddit 0.82 59781
59 8.03055027 AskReddit 0.66 59781
50 8.10235490444 AskReddit 0.82 59781
23 3.55688160917 AskReddit 0.82 59781
2832 29.4886011586 AskReddit 0.93 59781
51 7.94631947028 AskReddit 0.8 59781
23 3.82341229 AskReddit 0.78 59781
883 24.0251945519 AskReddit 0.9 59781
11 0.890850837778 AskReddit 0.93 59781
525 21.4939729561 AskReddit 0.88 59781
84 11.6398919567 AskReddit 0.82 59781
17 2.40099011167 AskReddit 0.78 59781
10 0.8013497325 AskReddit 0.88 59781
12 0.844461623333 AskReddit 0.83 59781
11 1.32535433833 AskReddit 0.88 59781
10 0.382971625833 AskReddit 0.87 59781
508 22.0491683286 AskReddit 0.89 59781
17 3.37785599111 AskReddit 0.72 59781
12 1.59322780639 AskReddit 0.67 59781
5074 33.5432844064 AskReddit 0.9 59781
9 0.801472979167 AskReddit 0.86 59781
23 5.92459464417 AskReddit 0.77 59781
14 3.63860116694 AskReddit 0.75 59781
25 6.085353825 AskReddit 0.84 59781
201 17.8574447814 AskReddit 0.87 59781
10 2.27745742889 AskReddit 0.76 59781
8 1.23280343889 AskReddit 0.87 59781
30 8.105112715 AskReddit 0.83 59781
17 4.58578523889 AskReddit 0.68 59781
66979 5.03078304944 funny 0.92 48542
6245 5.27776851139 funny 0.93 48542
9843 6.69872975667 funny 0.9 48542
4124 6.06673993028 funny 0.93 48542
1793 7.29333451722 funny 0.92 48542
1227 6.17983717111 funny 0.93 48542
2141 9.72242081861 funny 0.92 48542
817 5.13720112361 funny 0.88 48542
6671 15.2389043817 funny 0.89 48542
485 2.91613760889 funny 0.92 48542
592 4.64988931139 funny 0.88 48542
880 6.99520124056 funny 0.9 48542
710 6.17559023583 funny 0.87 48542
280 1.19478479194 funny 0.9 48542
580 5.24684723361 funny 0.94 48542
456 4.151048615 funny 0.86 48542
971 8.36362638694 funny 0.93 48542
365 3.39235733833 funny 0.91 48542
2378 14.3374114364 funny 0.91 48542
91043 19.79141848 funny 0.77 48542
326 4.95111522639 funny 0.9 48542
114280 22.7745091064 funny 0.89 48542
170 1.70800698694 funny 0.94 48542
192 3.36060083167 funny 0.82 48542
196 4.32062844833 funny 0.89 48542
564 10.0931871231 funny 0.87 48542
362 8.03271942194 funny 0.9 48542
209 5.15697266139 funny 0.92 48542
23539 23.5861744931 funny 0.81 48542
203 5.06928076361 funny 0.81 48542
186 4.8507396875 funny 0.73 48542
200 5.74496583 funny 0.77 48542
96 1.96949618056 funny 0.81 48542
1325 16.4751385664 funny 0.96 48542
139 4.42994910611 funny 0.88 48542
106 3.04580933944 funny 0.88 48542
6580 24.3808687975 funny 0.95 48542
148 5.50573841583 funny 0.85 48542
76 2.80826936556 funny 0.83 48542
95 4.33441709 funny 0.89 48542
62 2.08111842944 funny 0.76 48542
155 7.082576245 funny 0.87 48542
56 1.5645515725 funny 0.83 48542
98 4.77321942222 funny 0.91 48542
66 2.85603234833 funny 0.69 48542
729 15.8258066389 funny 0.9 48542
172 8.35117233417 funny 0.75 48542
60133 28.3603708986 funny 0.8 48542
64 3.97040890694 funny 0.8 48542
41 1.33849393111 funny 0.83 48542
64 4.07967398667 funny 0.9 48542
85 5.49858466389 funny 0.84 48542
67 4.61194234028 funny 0.76 48542
80 5.42669045528 funny 0.83 48542
51 2.95227699139 funny 0.73 48542
126 8.06591721583 funny 0.86 48542
52 3.68372271333 funny 0.76 48542
65 5.03846962944 funny 0.81 48542
32 0.713218826111 funny 0.85 48542
120 8.86213555972 funny 0.86 48542
63975 28.9168977494 funny 0.74 48542
38 2.68950046 funny 0.82 48542
1624 23.2767836781 funny 0.89 48542
57 5.554897915 funny 0.75 48542
57 5.58051237111 funny 0.74 48542
88 7.66974105694 funny 0.84 48542
38858 32.2375565617 funny 0.9 48542
2168 25.3478523742 funny 0.91 48542
41 4.14749558722 funny 0.8 48542
181 12.2256057386 funny 0.89 48542
139 10.7475832794 funny 0.88 48542
39 4.24350012389 funny 0.85 48542
3311 27.6032800539 funny 0.93 48542
53 5.40725781639 funny 0.76 48542
40923 6.27708156139 todayilearned 0.91 34815
8459 5.06893751694 todayilearned 0.93 34815
3200 3.21006783889 todayilearned 0.96 34815
2392 6.91879897972 todayilearned 0.95 34815
1868 7.53501787222 todayilearned 0.95 34815
550 5.24940332417 todayilearned 0.9 34815
869 9.3025303025 todayilearned 0.94 34815
8144 20.2494714981 todayilearned 0.95 34815
231 3.42779613361 todayilearned 0.96 34815
76571 22.4057290478 todayilearned 0.82 34815
338 6.25884450472 todayilearned 0.94 34815
431 7.65893568722 todayilearned 0.95 34815
131 1.42318902278 todayilearned 0.86 34815
4948 22.0582461875 todayilearned 0.94 34815
170 4.95143458056 todayilearned 0.93 34815
3055 20.5204192333 todayilearned 0.95 34815
4770 22.6477597342 todayilearned 0.95 34815
14974 25.3945698722 todayilearned 0.93 34815
454 11.566656755 todayilearned 0.94 34815
84 2.20067338306 todayilearned 0.9 34815
82 3.26461716028 todayilearned 0.93 34815
231 9.38686665917 todayilearned 0.93 34815
102 5.05862315528 todayilearned 0.83 34815
57288 28.6728202922 todayilearned 0.9 34815
237 9.78893549167 todayilearned 0.93 34815
66 3.36788517139 todayilearned 0.87 34815
55 2.50875397556 todayilearned 0.83 34815
515 14.9824449533 todayilearned 0.91 34815
63 3.44984090222 todayilearned 0.91 34815
198 10.0718158428 todayilearned 0.95 34815
12583 29.4619016742 todayilearned 0.94 34815
75 5.16594786583 todayilearned 0.84 34815
80 6.01405050361 todayilearned 0.89 34815
49 3.49463503389 todayilearned 0.9 34815
45671 30.9574403122 todayilearned 0.92 34815
52 3.89676442222 todayilearned 0.85 34815
63 5.11846154833 todayilearned 0.87 34815
836 19.4873858464 todayilearned 0.95 34815
44 3.59969700889 todayilearned 0.87 34815
61 5.59194713611 todayilearned 0.84 34815
1450 22.7792265989 todayilearned 0.94 34815
55 5.32912853667 todayilearned 0.9 34815
37 3.14804543806 todayilearned 0.9 34815
781 20.2786840114 todayilearned 0.94 34815
170 11.9651902858 todayilearned 0.92 34815
80 7.61885814583 todayilearned 0.92 34815
63 6.88972689417 todayilearned 0.86 34815
18 0.81475298 todayilearned 1.0 34815
22 1.62616821083 todayilearned 0.9 34815
46 6.56897625694 todayilearned 0.85 34815
39 6.06378236583 todayilearned 0.74 34815
50 7.686619285 todayilearned 0.85 34815
16 1.11720860722 todayilearned 0.94 34815
70 9.8077929425 todayilearned 0.91 34815
8482 33.8325417253 todayilearned 0.95 34815
17 1.91236603611 todayilearned 0.91 34815
16 1.19045134972 todayilearned 0.74 34815
18 1.94437324528 todayilearned 0.8 34815
707 22.4582929678 todayilearned 0.93 34815
266 17.3962194192 todayilearned 0.94 34815
1648 27.3338470211 todayilearned 0.95 34815
63 9.930908115 todayilearned 0.91 34815
2291 29.0601307583 todayilearned 0.96 34815
19 3.41833505083 todayilearned 0.75 34815
219 16.8253026736 todayilearned 0.95 34815
315 19.5117809558 todayilearned 0.92 34815
12 1.53933813583 todayilearned 0.83 34815
15 3.2810356 todayilearned 0.91 34815
1488 28.1349471508 todayilearned 0.95 34815
3803 32.8049402503 todayilearned 0.94 34815
10 0.627297316667 todayilearned 0.92 34815
22 5.31370899361 todayilearned 0.87 34815
9 0.350399832778 todayilearned 1.0 34815
32 7.87931290944 todayilearned 0.81 34815
14 2.86628217 todayilearned 0.85 34815
51790 6.33197953028 gaming 0.89 39282
10094 6.14183175083 gaming 0.92 39282
5487 6.80349364167 gaming 0.95 39282
2890 4.62708971417 gaming 0.92 39282
11812 10.2667946608 gaming 0.88 39282
2998 6.24850418972 gaming 0.89 39282
2525 6.05667148194 gaming 0.95 39282
27206 11.649462895 gaming 0.86 39282
1577 4.10086243278 gaming 0.93 39282
1098 5.27904536944 gaming 0.89 39282
1431 6.98555035361 gaming 0.93 39282
646 3.55436750833 gaming 0.96 39282
585 4.22303448194 gaming 0.8 39282
4858 14.1414804428 gaming 0.83 39282
2908 13.2615275875 gaming 0.96 39282
365 4.48802951889 gaming 0.96 39282
344 4.5367258725 gaming 0.94 39282
535 7.30872736889 gaming 0.85 39282
6838 19.2022087417 gaming 0.81 39282
3920 17.9068154939 gaming 0.87 39282
16721 21.7183267306 gaming 0.88 39282
46385 22.6642881986 gaming 0.88 39282
509 8.45023578722 gaming 0.85 39282
473 8.84252473278 gaming 0.9 39282
7841 20.5382873317 gaming 0.72 39282
1327 15.1202403436 gaming 0.95 39282
5872 22.2714529708 gaming 0.95 39282
1552 16.4715696047 gaming 0.89 39282
190 5.18803305333 gaming 0.86 39282
1056 14.89369736 gaming 0.8 39282
164 5.29687197722 gaming 0.91 39282
986 15.3555380881 gaming 0.88 39282
4800 23.0495177544 gaming 0.89 39282
5288 23.3177479917 gaming 0.92 39282
69 1.51947077778 gaming 0.91 39282
215 8.30647885028 gaming 0.85 39282
356 11.43740099 gaming 0.87 39282
148 6.98307219583 gaming 0.9 39282
238 9.58421712389 gaming 0.86 39282
68 3.1401739175 gaming 0.9 39282
954 17.5077168044 gaming 0.94 39282
1999 21.4952865153 gaming 0.92 39282
122 6.8349593725 gaming 0.88 39282
136 7.57112241972 gaming 0.9 39282
76885 28.6665167881 gaming 0.85 39282
9077 26.9835003006 gaming 0.82 39282
228 10.6093818511 gaming 0.91 39282
65 4.37163301444 gaming 0.91 39282
50 3.20140385806 gaming 0.95 39282
200 11.1250419839 gaming 0.93 39282
47 3.25982482611 gaming 0.89 39282
6932 28.3692972961 gaming 0.91 39282
112 8.612121095 gaming 0.84 39282
64 5.36770171028 gaming 0.84 39282
11764 30.3110664617 gaming 0.94 39282
32752 31.1690709453 gaming 0.89 39282
90 7.7227098475 gaming 0.91 39282
1456 23.1650019872 gaming 0.9 39282
11075 30.9111718242 gaming 0.89 39282
62 6.22011051611 gaming 0.78 39282
66 6.47549709056 gaming 0.79 39282
1012 21.4591644294 gaming 0.96 39282
71 7.51884540278 gaming 0.82 39282
15944 31.1758437797 gaming 0.82 39282
33 2.85539072806 gaming 0.8 39282
2682 26.8190373206 gaming 0.82 39282
746 20.5688402719 gaming 0.94 39282
53 6.24700524333 gaming 0.8 39282
2159 26.2148097114 gaming 0.93 39282
2715 27.6216560978 gaming 0.88 39282
48 6.19562722389 gaming 0.83 39282
30 3.69735160639 gaming 0.86 39282
506 19.5125306811 gaming 0.87 39282
174 14.2084613622 gaming 0.94 39282
18830 4.23623951583 news 0.95 46053
51599 9.39630751389 news 0.9 46053
1319 2.27852426611 news 0.97 46053
1320 4.06092092972 news 0.94 46053
684 4.55229485556 news 0.91 46053
858 6.06175329778 news 0.94 46053
748 5.43917299667 news 0.92 46053
3172 14.9544659378 news 0.95 46053
821 8.04582974056 news 0.93 46053
459 5.89436494917 news 0.92 46053
260 4.05231524583 news 0.94 46053
282 4.57556337528 news 0.94 46053
425 7.16618514194 news 0.93 46053
187 2.69555463306 news 0.95 46053
537 9.61369416833 news 0.94 46053
81657 23.1480684664 news 0.75 46053
151 3.30245571806 news 0.91 46053
98 2.51917798194 news 0.74 46053
4611 22.8117706386 news 0.96 46053
313 9.59316941694 news 0.93 46053
5407 24.6305539494 news 0.95 46053
55 1.41201016778 news 0.89 46053
387 12.4254136856 news 0.95 46053
49 1.28047227028 news 0.86 46053
172 8.22522532333 news 0.94 46053
47 1.72561909611 news 0.88 46053
1851 21.8089869111 news 0.94 46053
97 6.01261265722 news 0.93 46053
158 9.68739118583 news 0.92 46053
208 11.1530561686 news 0.9 46053
163 9.95449229056 news 0.89 46053
1663 22.5315057781 news 0.94 46053
4001 26.8845770469 news 0.93 46053
38 2.21430720361 news 0.84 46053
93 7.68099742889 news 0.83 46053
35 3.0225798025 news 0.72 46053
43737 31.6626157597 news 0.88 46053
40 3.59983362694 news 0.74 46053
66 6.7054798925 news 0.86 46053
38 4.19607019556 news 0.83 46053
35 4.49332150528 news 0.83 46053
1450 24.8952993139 news 0.93 46053
29 3.04204518833 news 0.8 46053
84 10.2067904289 news 0.92 46053
187 14.6157131917 news 0.91 46053
3751 30.1588799406 news 0.87 46053
55 7.88619935583 news 0.88 46053
2081 27.8637714692 news 0.93 46053
49 7.91354139222 news 0.82 46053
14 1.78940420778 news 0.74 46053
1039 24.866150585 news 0.92 46053
20 3.20188422028 news 0.84 46053
15 1.19165998194 news 0.82 46053
65 9.97140963083 news 0.83 46053
12 1.33365554083 news 0.82 46053
26 5.009234205 news 0.82 46053
773 23.7709204631 news 0.93 46053
18 3.0335327125 news 0.77 46053
25 5.33188957694 news 0.79 46053
15 3.77915680806 news 0.77 46053
13 1.90559018778 news 0.75 46053
17 3.48120332333 news 0.87 46053
32 7.4978992075 news 0.78 46053
19 4.28794375778 news 0.83 46053
11 1.63797516194 news 0.73 46053
17 4.04466896833 news 0.79 46053
17506 36.3194612628 news 0.88 46053
18 5.02839304944 news 0.83 46053
141 16.1773222644 news 0.91 46053
434 23.012748235 news 0.95 46053
8 0.714252317222 news 0.9 46053
6 0.238718746389 news 1.0 46053
8 1.0809684925 news 0.9 46053
192 19.1593664778 news 0.87 46053
6 2.29701488472 news 0.71 46053
