net_votes post_made_hrs subreddit_name up_ratio users_online num_upvotes num_downvotes
2278 8.23601217306 AskReddit 0.93 73663 2118.54 159.46
654 3.60649510472 AskReddit 0.82 73663 536.28 117.72
28419 18.7066257811 AskReddit 0.9 73663 25577.1 2841.9
754 7.99752319417 AskReddit 0.9 73663 678.6 75.4
361 4.79185166472 AskReddit 0.89 73663 321.29 39.71
2125 14.6550470192 AskReddit 0.92 73663 1955.0 170.0
279 3.94599683333 AskReddit 0.9 73663 251.1 27.9
5291 19.1375387581 AskReddit 0.89 73663 4708.99 582.01
3954 18.1866548389 AskReddit 0.91 73663 3598.14 355.86
306 5.41962058472 AskReddit 0.86 73663 263.16 42.84
158 3.49515788944 AskReddit 0.77 73663 121.66 36.34
104 2.26861056556 AskReddit 0.87 73663 90.48 13.52
859 14.0188875908 AskReddit 0.78 73663 670.02 188.98
164 5.29849705528 AskReddit 0.87 73663 142.68 21.32
96 2.5231469225 AskReddit 0.84 73663 80.64 15.36
5847 23.7865929069 AskReddit 0.93 73663 5437.71 409.29
90 2.9847598175 AskReddit 0.82 73663 73.8 16.2
68 2.2858029475 AskReddit 0.82 73663 55.76 12.24
72 2.47591327806 AskReddit 0.79 73663 56.88 15.12
3873 23.5650096214 AskReddit 0.93 73663 3601.89 271.11
30246 27.0487221733 AskReddit 0.86 73663 26011.56 4234.44
87 4.33718176611 AskReddit 0.77 73663 66.99 20.01
70 3.07501105417 AskReddit 0.81 73663 56.7 13.3
564 14.7498741417 AskReddit 0.91 73663 513.24 50.76
725 17.5937770111 AskReddit 0.9 73663 652.5 72.5
85 6.1553116075 AskReddit 0.78 73663 66.3 18.7
45 2.4553338725 AskReddit 0.79 73663 35.55 9.45
1965 22.9668018289 AskReddit 0.93 73663 1827.45 137.55
43 2.37477592556 AskReddit 0.81 73663 34.83 8.17
755 18.4754505717 AskReddit 0.91 73663 687.05 67.95
33 1.76855323306 AskReddit 0.74 73663 24.42 8.58
42 2.79901530306 AskReddit 0.75 73663 31.5 10.5
4358 27.2239099581 AskReddit 0.8 73663 3486.4 871.6
2106 24.6131092089 AskReddit 0.92 73663 1937.52 168.48
66 7.02252972083 AskReddit 0.8 73663 52.8 13.2
35 2.68094420528 AskReddit 0.76 73663 26.6 8.4
32 2.93689449306 AskReddit 0.71 73663 22.72 9.28
2470 26.4445404614 AskReddit 0.9 73663 2223.0 247.0
710 20.1686561964 AskReddit 0.88 73663 624.8 85.2
22 1.20826705222 AskReddit 0.79 73663 17.38 4.62
192 13.6292186681 AskReddit 0.89 73663 170.88 21.12
73 8.33528063639 AskReddit 0.83 73663 60.59 12.41
21 1.71436234028 AskReddit 0.85 73663 17.85 3.15
22 1.77895561444 AskReddit 0.78 73663 17.16 4.84
23 2.30101227417 AskReddit 0.63 73663 14.49 8.51
26 2.69057267139 AskReddit 0.73 73663 18.98 7.02
180 14.1703790147 AskReddit 0.87 73663 156.6 23.4
22 2.39761211333 AskReddit 0.61 73663 13.42 8.58
24 2.92546115472 AskReddit 0.76 73663 18.24 5.76
23 3.29499313722 AskReddit 0.73 73663 16.79 6.21
21 0.803414464444 AskReddit 0.78 73663 16.38 4.62
36 4.21334128389 AskReddit 0.7 73663 25.2 10.8
117 12.4437329189 AskReddit 0.86 73663 100.62 16.38
57 8.49702903444 AskReddit 0.82 73663 46.74 10.26
31 5.13630476278 AskReddit 0.71 73663 22.01 8.99
19 2.44972369833 AskReddit 0.73 73663 13.87 5.13
18 2.47425318583 AskReddit 0.74 73663 13.32 4.68
1424 26.3406712175 AskReddit 0.9 73663 1281.6 142.4
17 2.528304445 AskReddit 0.66 73663 11.22 5.78
14 0.283956685833 AskReddit 1.0 73663 14.0 0.0
12 0.528734961111 AskReddit 0.79 73663 9.48 2.52
12 1.06296080917 AskReddit 0.88 73663 10.56 1.44
10 0.659962684444 AskReddit 0.82 73663 8.2 1.8
18 2.35782846833 AskReddit 0.66 73663 11.88 6.12
13 0.719828479167 AskReddit 0.88 73663 11.44 1.56
833 24.1640271314 AskReddit 0.89 73663 741.37 91.63
379 20.2367213317 AskReddit 0.8 73663 303.2 75.8
17 2.45988719444 AskReddit 0.73 73663 12.41 4.59
20 4.44383832556 AskReddit 0.68 73663 13.6 6.4
11 0.726457547222 AskReddit 0.88 73663 9.68 1.32
13 0.771512644722 AskReddit 0.85 73663 11.05 1.95
13 1.76187822083 AskReddit 0.81 73663 10.53 2.47
63 10.7083232208 AskReddit 0.84 73663 52.92 10.08
25 5.35100130806 AskReddit 0.74 73663 18.5 6.5
7286 3.78227072833 funny 0.96 50762 6994.56 291.44
1578 3.37911400917 funny 0.94 50762 1483.32 94.68
18555 12.9823727058 funny 0.8 50762 14844.0 3711.0
1973 7.20664295611 funny 0.91 50762 1795.43 177.57
3112 9.47631394722 funny 0.94 50762 2925.28 186.72
38798 14.6075090525 funny 0.88 50762 34142.24 4655.76
819 5.188067845 funny 0.95 50762 778.05 40.95
765 4.812312055 funny 0.93 50762 711.45 53.55
66432 20.0604254086 funny 0.9 50762 59788.8 6643.2
3503 15.4169187311 funny 0.9 50762 3152.7 350.3
57320 19.5500697736 funny 0.79 50762 45282.8 12037.2
529 6.33766885139 funny 0.89 50762 470.81 58.19
6510 18.1502380072 funny 0.8 50762 5208.0 1302.0
336 4.65372287194 funny 0.82 50762 275.52 60.48
277 3.93741560333 funny 0.85 50762 235.45 41.55
3618 17.5138616772 funny 0.91 50762 3292.38 325.62
172 1.94595435472 funny 0.82 50762 141.04 30.96
529 8.1437678925 funny 0.9 50762 476.1 52.9
1580 14.0791242281 funny 0.95 50762 1501.0 79.0
149 1.39279234611 funny 0.88 50762 131.12 17.88
288 5.22590598889 funny 0.88 50762 253.44 34.56
109851 23.3895498992 funny 0.9 50762 98865.9 10985.1
2600 17.3945198142 funny 0.82 50762 2132.0 468.0
7410 21.7160316189 funny 0.89 50762 6594.9 815.1
7597 22.5087080619 funny 0.88 50762 6685.36 911.64
879 12.9532220917 funny 0.91 50762 799.89 79.11
210 5.25275149833 funny 0.88 50762 184.8 25.2
8711 23.0083628808 funny 0.9 50762 7839.9 871.1
1548 16.4015672064 funny 0.89 50762 1377.72 170.28
124 3.18690054361 funny 0.82 50762 101.68 22.32
13188 24.4263704681 funny 0.88 50762 11605.44 1582.56
525 11.3003313053 funny 0.9 50762 472.5 52.5
566 11.8776255733 funny 0.86 50762 486.76 79.24
21500 25.0593501383 funny 0.85 50762 18275.0 3225.0
2099 19.2346778808 funny 0.87 50762 1826.13 272.87
1087 15.9739534469 funny 0.92 50762 1000.04 86.96
1780 18.9587328497 funny 0.92 50762 1637.6 142.4
2632 21.4024329492 funny 0.91 50762 2395.12 236.88
97 4.08399754028 funny 0.86 50762 83.42 13.58
3951 23.3098905883 funny 0.91 50762 3595.41 355.59
5256 24.5409097786 funny 0.93 50762 4888.08 367.92
264 9.52215078028 funny 0.85 50762 224.4 39.6
4131 23.6071963986 funny 0.95 50762 3924.45 206.55
6892 25.6547923839 funny 0.91 50762 6271.72 620.28
203 8.34593064389 funny 0.8 50762 162.4 40.6
4852 24.536557605 funny 0.89 50762 4318.28 533.72
202 8.92000341472 funny 0.86 50762 173.72 28.28
614 15.0981232236 funny 0.9 50762 552.6 61.4
768 16.29872966 funny 0.89 50762 683.52 84.48
94 4.83321335306 funny 0.79 50762 74.26 19.74
395 12.9588136286 funny 0.9 50762 355.5 39.5
46 0.965249636111 funny 0.73 50762 33.58 12.42
149 7.75724183167 funny 0.86 50762 128.14 20.86
48 1.26371312583 funny 0.87 50762 41.76 6.24
252 11.1012600872 funny 0.77 50762 194.04 57.96
39 1.86130830861 funny 0.85 50762 33.15 5.85
555 16.67191049 funny 0.89 50762 493.95 61.05
903 19.6956039853 funny 0.84 50762 758.52 144.48
31 1.26458956194 funny 0.82 50762 25.42 5.58
86 7.27046887056 funny 0.74 50762 63.64 22.36
61 5.62746081861 funny 0.85 50762 51.85 9.15
865 19.8480802017 funny 0.95 50762 821.75 43.25
26 0.815074886111 funny 0.88 50762 22.88 3.12
283 14.199349885 funny 0.78 50762 220.74 62.26
4530 28.0852509789 funny 0.91 50762 4122.3 407.7
207 12.5680836494 funny 0.82 50762 169.74 37.26
23 0.893443230556 funny 0.93 50762 21.39 1.61
1514 23.51682319 funny 0.94 50762 1423.16 90.84
2164 25.3577056014 funny 0.91 50762 1969.24 194.76
32 3.11154368944 funny 0.67 50762 21.44 10.56
22 0.941031291944 funny 0.79 50762 17.38 4.62
22 1.43639278167 funny 0.95 50762 20.9 1.1
20 0.268939084444 funny 0.92 50762 18.4 1.6
204 13.3195417442 funny 0.72 50762 146.88 57.12
29898 13.1911066767 todayilearned 0.94 16643 28104.12 1793.88
4632 12.7847739208 todayilearned 0.95 16643 4400.4 231.6
16611 15.6109312567 todayilearned 0.87 16643 14451.57 2159.43
767 4.74835781444 todayilearned 0.94 16643 720.98 46.02
1044 7.29815218417 todayilearned 0.96 16643 1002.24 41.76
2743 12.2918195778 todayilearned 0.9 16643 2468.7 274.3
1384 11.1616524778 todayilearned 0.96 16643 1328.64 55.36
94786 21.5667591094 todayilearned 0.89 16643 84359.54 10426.46
202 2.41185928694 todayilearned 0.9 16643 181.8 20.2
219 2.87533364972 todayilearned 0.93 16643 203.67 15.33
11681 21.7843068589 todayilearned 0.96 16643 11213.76 467.24
3688 18.9745261386 todayilearned 0.93 16643 3429.84 258.16
154 2.30227135806 todayilearned 0.91 16643 140.14 13.86
4393 20.5548032283 todayilearned 0.95 16643 4173.35 219.65
52381 24.6374444942 todayilearned 0.89 16643 46619.09 5761.91
99 1.52738698222 todayilearned 0.88 16643 87.12 11.88
7351 25.2782566044 todayilearned 0.95 16643 6983.45 367.55
442 11.7497942922 todayilearned 0.93 16643 411.06 30.94
581 13.7234862414 todayilearned 0.91 16643 528.71 52.29
5989 25.8947451239 todayilearned 0.95 16643 5689.55 299.45
63 2.44655211056 todayilearned 0.89 16643 56.07 6.93
125 6.38242722139 todayilearned 0.84 16643 105.0 20.0
158 8.12971199611 todayilearned 0.92 16643 145.36 12.64
425 14.2003213728 todayilearned 0.92 16643 391.0 34.0
1002 19.1670279253 todayilearned 0.93 16643 931.86 70.14
198 10.9606987369 todayilearned 0.94 16643 186.12 11.88
1206 20.8638590653 todayilearned 0.92 16643 1109.52 96.48
2004 23.6098698317 todayilearned 0.9 16643 1803.6 200.4
33 2.73251454889 todayilearned 0.86 16643 28.38 4.62
108 9.85114927556 todayilearned 0.89 16643 96.12 11.88
547 18.9072933019 todayilearned 0.9 16643 492.3 54.7
108 9.92985080611 todayilearned 0.84 16643 90.72 17.28
131 11.3074363606 todayilearned 0.9 16643 117.9 13.1
166 13.0116906114 todayilearned 0.94 16643 156.04 9.96
21 1.21202627389 todayilearned 0.82 16643 17.22 3.78
120 11.4537496531 todayilearned 0.95 16643 114.0 6.0
751 21.6216154847 todayilearned 0.95 16643 713.45 37.55
15 0.470562796111 todayilearned 1.0 16643 15.0 0.0
152 13.0108970694 todayilearned 0.92 16643 139.84 12.16
99 10.7303658061 todayilearned 0.95 16643 94.05 4.95
30 4.56345384694 todayilearned 0.79 16643 23.7 6.3
688 21.7240457475 todayilearned 0.93 16643 639.84 48.16
1163 24.61863123 todayilearned 0.93 16643 1081.59 81.41
19 2.06019721861 todayilearned 0.82 16643 15.58 3.42
20 2.07672662917 todayilearned 0.77 16643 15.4 4.6
137 14.2914717786 todayilearned 0.93 16643 127.41 9.59
81 11.562329205 todayilearned 0.94 16643 76.14 4.86
15 2.09045444083 todayilearned 0.84 16643 12.6 2.4
366 19.9801989086 todayilearned 0.91 16643 333.06 32.94
1523 27.6644001931 todayilearned 0.94 16643 1431.62 91.38
54 9.72957168778 todayilearned 0.81 16643 43.74 10.26
68 11.2238123353 todayilearned 0.92 16643 62.56 5.44
157 15.6621741922 todayilearned 0.97 16643 152.29 4.71
308 19.4716767194 todayilearned 0.96 16643 295.68 12.32
12 1.00037548333 todayilearned 0.75 16643 9.0 3.0
989 26.0198515244 todayilearned 0.95 16643 939.55 49.45
585 23.3116627425 todayilearned 0.94 16643 549.9 35.1
14 2.46566719917 todayilearned 0.77 16643 10.78 3.22
12 2.49486637611 todayilearned 0.93 16643 11.16 0.84
43 8.70127709611 todayilearned 0.83 16643 35.69 7.31
68 12.0693596375 todayilearned 0.9 16643 61.2 6.8
36 8.99550278417 todayilearned 0.89 16643 32.04 3.96
51 10.9371957297 todayilearned 0.91 16643 46.41 4.59
218 18.7580636722 todayilearned 0.93 16643 202.74 15.26
13 3.49809776944 todayilearned 0.81 16643 10.53 2.47
18 5.49673889917 todayilearned 0.77 16643 13.86 4.14
103 15.5887911878 todayilearned 0.96 16643 98.88 4.12
49 11.3938486369 todayilearned 0.85 16643 41.65 7.35
125 16.9606025919 todayilearned 0.94 16643 117.5 7.5
50 11.5776047203 todayilearned 0.85 16643 42.5 7.5
6 0.435135037222 todayilearned 1.0 16643 6.0 0.0
70 13.72544549 todayilearned 0.91 16643 63.7 6.3
7 1.65300002222 todayilearned 0.83 16643 5.81 1.19
121 17.1474725136 todayilearned 0.93 16643 112.53 8.47
276 21.8080745358 todayilearned 0.94 16643 259.44 16.56
2479 5.96543394222 gaming 0.94 21314 2330.26 148.74
61794 11.8827478614 gaming 0.74 21314 45727.56 16066.44
2022 6.95621423306 gaming 0.91 21314 1840.02 181.98
990 4.22879655472 gaming 0.94 21314 930.6 59.4
7410 13.9916561936 gaming 0.9 21314 6669.0 741.0
35043 16.4177254658 gaming 0.85 21314 29786.55 5256.45
869 7.15423728917 gaming 0.9 21314 782.1 86.9
560 5.23765232056 gaming 0.9 21314 504.0 56.0
1849 11.8715876197 gaming 0.93 21314 1719.57 129.43
404 4.21694264194 gaming 0.9 21314 363.6 40.4
5962 17.5936655606 gaming 0.89 21314 5306.18 655.82
46317 21.9065602608 gaming 0.91 21314 42148.47 4168.53
581 8.4083363775 gaming 0.88 21314 511.28 69.72
6072 19.8664845289 gaming 0.94 21314 5707.68 364.32
396 6.70828638167 gaming 0.91 21314 360.36 35.64
20669 22.4544280606 gaming 0.88 21314 18188.72 2480.28
303 5.88809655694 gaming 0.85 21314 257.55 45.45
28584 22.9828443636 gaming 0.84 21314 24010.56 4573.44
22714 24.4987651636 gaming 0.89 21314 20215.46 2498.54
82865 24.6900859925 gaming 0.87 21314 72092.55 10772.45
190 4.82187496556 gaming 0.82 21314 155.8 34.2
9961 23.634967025 gaming 0.89 21314 8865.29 1095.71
522 10.9279699533 gaming 0.84 21314 438.48 83.52
9245 24.4142241169 gaming 0.95 21314 8782.75 462.25
317 8.26351412944 gaming 0.89 21314 282.13 34.87
16694 25.1627167503 gaming 0.93 21314 15525.42 1168.58
8305 22.5805093939 gaming 0.79 21314 6560.95 1744.05
5143 22.8452220772 gaming 0.95 21314 4885.85 257.15
9712 24.6078753017 gaming 0.88 21314 8546.56 1165.44
375 10.1979814017 gaming 0.84 21314 315.0 60.0
250 8.73305929667 gaming 0.84 21314 210.0 40.0
63 1.55144954167 gaming 0.86 21314 54.18 8.82
65 1.80731223528 gaming 0.87 21314 56.55 8.45
929 16.7673484753 gaming 0.93 21314 863.97 65.03
2986 22.8946821417 gaming 0.94 21314 2806.84 179.16
4612 25.344492705 gaming 0.93 21314 4289.16 322.84
2924 23.5426244008 gaming 0.9 21314 2631.6 292.4
460 14.1197068531 gaming 0.89 21314 409.4 50.6
49 2.14781778333 gaming 0.87 21314 42.63 6.37
59 2.71732102667 gaming 0.76 21314 44.84 14.16
78 4.18262551417 gaming 0.82 21314 63.96 14.04
71 4.1759883025 gaming 0.82 21314 58.22 12.78
17721 28.6279675167 gaming 0.86 21314 15240.06 2480.94
1002 19.0449893 gaming 0.88 21314 881.76 120.24
122 6.30765572917 gaming 0.83 21314 101.26 20.74
154 8.36435716417 gaming 0.84 21314 129.36 24.64
108 5.83662802917 gaming 0.81 21314 87.48 20.52
429 15.2324929281 gaming 0.93 21314 398.97 30.03
40 2.27254861139 gaming 0.8 21314 32.0 8.0
31902 30.0106419744 gaming 0.84 21314 26797.68 5104.32
146 9.98098482139 gaming 0.9 21314 131.4 14.6
172 11.0377466717 gaming 0.86 21314 147.92 24.08
105 8.88950258917 gaming 0.85 21314 89.25 15.75
62 4.64147739389 gaming 0.76 21314 47.12 14.88
101 8.28262736306 gaming 0.85 21314 85.85 15.15
89 5.85376629639 gaming 0.83 21314 73.87 15.13
95 7.32462690111 gaming 0.81 21314 76.95 18.05
95 8.12088517444 gaming 0.81 21314 76.95 18.05
26 2.36041600722 gaming 0.8 21314 20.8 5.2
91 8.52461214528 gaming 0.72 21314 65.52 25.48
182 12.8330333153 gaming 0.92 21314 167.44 14.56
79 7.24812002472 gaming 0.72 21314 56.88 22.12
346 16.9403732403 gaming 0.86 21314 297.56 48.44
82 8.60790752389 gaming 0.82 21314 67.24 14.76
1697 25.6699610119 gaming 0.87 21314 1476.39 220.61
22 2.62066524667 gaming 0.85 21314 18.7 3.3
113 11.5770793844 gaming 0.77 21314 87.01 25.99
710 21.4960067775 gaming 0.91 21314 646.1 63.9
64 5.30000382722 gaming 0.73 21314 46.72 17.28
25 3.97587532306 gaming 0.74 21314 18.5 6.5
18 1.90261702056 gaming 0.86 21314 15.48 2.52
66 8.96208197278 gaming 0.83 21314 54.78 11.22
951 23.6546494581 gaming 0.92 21314 874.92 76.08
132 13.0569600897 gaming 0.76 21314 100.32 31.68
7984 11.0168130689 news 0.96 18475 7664.64 319.36
1017 3.32528262917 news 0.94 18475 955.98 61.02
681 2.2854420125 news 0.94 18475 640.14 40.86
2577 10.5761787369 news 0.92 18475 2370.84 206.16
1973 10.3626982756 news 0.94 18475 1854.62 118.38
89249 20.6294129986 news 0.9 18475 80324.1 8924.9
3603 15.6884855308 news 0.97 18475 3494.91 108.09
376 3.93732010389 news 0.9 18475 338.4 37.6
1605 13.1577654764 news 0.93 18475 1492.65 112.35
1761 14.1845770319 news 0.93 18475 1637.73 123.27
60975 22.5907221911 news 0.91 18475 55487.25 5487.75
168 2.10253670083 news 0.74 18475 124.32 43.68
4727 22.4148176964 news 0.92 18475 4348.84 378.16
91 2.85717205417 news 0.83 18475 75.53 15.47
54047 27.7517206319 news 0.89 18475 48101.83 5945.17
2027 21.0470372439 news 0.95 18475 1925.65 101.35
373 12.4792498808 news 0.92 18475 343.16 29.84
3359 23.7937064219 news 0.91 18475 3056.69 302.31
214 9.65632339722 news 0.92 18475 196.88 17.12
53 1.97031770056 news 0.86 18475 45.58 7.42
2461 22.9087052594 news 0.91 18475 2239.51 221.49
146 7.85991889111 news 0.85 18475 124.1 21.9
92 5.72646693417 news 0.85 18475 78.2 13.8
852 17.7951408644 news 0.93 18475 792.36 59.64
49 3.1159115175 news 0.91 18475 44.59 4.41
32 0.463460816944 news 0.95 18475 30.4 1.6
126 9.16964152833 news 0.92 18475 115.92 10.08
49 3.87997802306 news 0.88 18475 43.12 5.88
1061 20.8727832272 news 0.84 18475 891.24 169.76
821 19.632833985 news 0.92 18475 755.32 65.68
38 3.69084051556 news 0.79 18475 30.02 7.98
37 2.67506103972 news 0.81 18475 29.97 7.03
29 2.05092445361 news 0.81 18475 23.49 5.51
1843 24.4203932711 news 0.94 18475 1732.42 110.58
213 12.8882737911 news 0.9 18475 191.7 21.3
751 19.7656263319 news 0.94 18475 705.94 45.06
30 2.31971843 news 0.91 18475 27.3 2.7
39 4.46752248139 news 0.84 18475 32.76 6.24
465 17.9323035633 news 0.95 18475 441.75 23.25
848 21.6579458119 news 0.91 18475 771.68 76.32
1210 24.2525086633 news 0.92 18475 1113.2 96.8
18 1.28230014278 news 0.84 18475 15.12 2.88
51 7.26038711056 news 0.88 18475 44.88 6.12
863 22.9334681783 news 0.93 18475 802.59 60.41
20 2.51635873972 news 0.79 18475 15.8 4.2
55 8.54311141361 news 0.84 18475 46.2 8.8
699 22.4109472675 news 0.92 18475 643.08 55.92
1402 26.4060164514 news 0.93 18475 1303.86 98.14
30 6.02836017694 news 0.79 18475 23.7 6.3
71 10.5626044017 news 0.8 18475 56.8 14.2
127 13.7790252025 news 0.81 18475 102.87 24.13
12 0.986575933889 news 0.86 18475 10.32 1.68
131 14.55909936 news 0.93 18475 121.83 9.17
3756 33.3160716397 news 0.95 18475 3568.2 187.8
802 25.52645055 news 0.93 18475 745.86 56.14
11 1.89228136806 news 0.78 18475 8.58 2.42
77 12.7920290361 news 0.85 18475 65.45 11.55
292 20.5704155461 news 0.92 18475 268.64 23.36
17 6.14773017861 news 0.7 18475 11.9 5.1
42 11.1322061775 news 0.64 18475 26.88 15.12
116 16.5862052075 news 0.9 18475 104.4 11.6
5 0.285983186667 news 0.88 18475 4.4 0.6
6 0.292120056667 news 0.88 18475 5.28 0.72
142 18.5538166467 news 0.81 18475 115.02 26.98
746 27.9745232183 news 0.94 18475 701.24 44.76
70 15.2381796464 news 0.79 18475 55.3 14.7
38 12.4127352039 news 0.78 18475 29.64 8.36
8 5.47221293833 news 0.73 18475 5.84 2.16
190 21.3794589447 news 0.78 18475 148.2 41.8
59 16.1012718564 news 0.67 18475 39.53 19.47
2 0.135524055 news 0.75 18475 1.5 0.5
81990 41.509439535 news 0.75 18475 61492.5 20497.5
56 16.1101658703 news 0.85 18475 47.6 8.4
3 0.355196645278 news 0.8 18475 2.4 0.6
62 15.6366111469 news 0.84 18475 52.08 9.92
