net_votes post_made_hrs subreddit_name up_ratio users_online num_upvotes num_downvotes num_upvotes/users_online num_downvotes/users_online
8352 5.77449371056 AskReddit 0.83 82596 6932.16 1419.84 0.0839285195409 0.0171901787011
6951 10.4054000444 AskReddit 0.91 82596 6325.41 625.59 0.076582522156 0.00757409559785
1017 6.11249567667 AskReddit 0.93 82596 945.81 71.19 0.0114510387912 0.000861906145576
973 6.96000396333 AskReddit 0.91 82596 885.43 87.57 0.0107200106543 0.00106022083394
1680 10.1667337589 AskReddit 0.92 82596 1545.6 134.4 0.0187127705942 0.00162719744298
534 5.66128226167 AskReddit 0.85 82596 453.9 80.1 0.00549542350719 0.000969780618916
422 4.687970285 AskReddit 0.89 82596 375.58 46.42 0.0045471935687 0.000562012688266
29432 20.8782118147 AskReddit 0.9 82596 26488.8 2943.2 0.320703181752 0.0356336868613
591 7.58805092917 AskReddit 0.86 82596 508.26 82.74 0.00615356675868 0.00100174342583
319 4.43655194417 AskReddit 0.9 82596 287.1 31.9 0.00347595525207 0.00038621725023
2515 16.8272773 AskReddit 0.92 82596 2313.8 201.2 0.0280134631217 0.00243595331493
4249 20.3580608081 AskReddit 0.91 82596 3866.59 382.41 0.0468132839363 0.00462988522447
339 7.46777014194 AskReddit 0.88 82596 298.32 40.68 0.00361179718146 0.000492517797472
5626 21.3108992383 AskReddit 0.89 82596 5007.14 618.86 0.0606220640225 0.00749261465446
166 4.45498648972 AskReddit 0.85 82596 141.1 24.9 0.00170831517265 0.000301467383408
183 5.24219207694 AskReddit 0.85 82596 155.55 27.45 0.00188326311202 0.000332340549179
168 5.15482895806 AskReddit 0.84 82596 141.12 26.88 0.00170855731512 0.000325439488595
98 2.24037617639 AskReddit 0.89 82596 87.22 10.78 0.0010559833406 0.000130514794905
140 4.64655438889 AskReddit 0.82 82596 114.8 25.2 0.00138989781587 0.000305099520558
1067 16.1918774536 AskReddit 0.79 82596 842.93 224.07 0.0102054578914 0.00271284323696
150 6.50709275556 AskReddit 0.8 82596 120.0 30.0 0.0014528548598 0.00036321371495
5975 25.9598544594 AskReddit 0.93 82596 5556.75 418.25 0.0672762603516 0.00506380454259
78 4.62456756333 AskReddit 0.83 82596 64.74 13.26 0.000783815196862 0.000160540462008
83 5.10277291194 AskReddit 0.81 82596 67.23 15.77 0.000813961935203 0.000190929342825
37792 5.94045460833 funny 0.92 47586 34768.64 3023.36 0.730648510066 0.0635346530492
4655 9.36469695472 funny 0.91 47586 4236.05 418.95 0.0890188290674 0.00880406001765
2670 6.96981478028 funny 0.94 47586 2509.8 160.2 0.0527424032278 0.00336653637625
2336 7.34572294278 funny 0.96 47586 2242.56 93.44 0.0471264657672 0.0019636027403
1075 3.54835925861 funny 0.91 47586 978.25 96.75 0.0205575169167 0.00203316101374
4969 11.6348741244 funny 0.95 47586 4720.55 248.45 0.0992003950742 0.00522107342496
804 4.10196321722 funny 0.86 47586 691.44 112.56 0.0145303240449 0.0023654015887
19955 15.1417202053 funny 0.8 47586 15964.0 3991.0 0.335476820914 0.0838692052284
40084 16.7666667581 funny 0.87 47586 34873.08 5210.92 0.732843273232 0.10950531669
857 6.09474653028 funny 0.88 47586 754.16 102.84 0.015848358761 0.00216113983104
897 6.81116823111 funny 0.84 47586 753.48 143.52 0.0158340688438 0.0030160131131
444 3.11765611389 funny 0.82 47586 364.08 79.92 0.00765098978691 0.00167948556298
1110 8.49548939278 funny 0.91 47586 1010.1 99.9 0.021226831421 0.00209935695373
289 1.37418829806 funny 0.95 47586 274.55 14.45 0.00576955407052 0.000303660740554
694 7.38316486278 funny 0.9 47586 624.6 69.4 0.0131257092422 0.00145841213802
67071 22.2198882567 funny 0.9 47586 60363.9 6707.1 1.26852225444 0.140946917161
518 7.40925604389 funny 0.9 47586 466.2 51.8 0.00979699911739 0.00108855545749
3924 17.5765341061 funny 0.9 47586 3531.6 392.4 0.0742151052831 0.00824612280923
880 10.3022066236 funny 0.89 47586 783.2 96.8 0.0164586222839 0.00203421174295
337 5.34352276639 funny 0.85 47586 286.45 50.55 0.00601962762157 0.00106228722734
57692 21.7099667453 funny 0.79 47586 45576.68 12115.32 0.957774975833 0.254598411297
195 3.09427173861 funny 0.87 47586 169.65 25.35 0.00356512419619 0.000532719707477
6843 20.3101650994 funny 0.8 47586 5474.4 1368.6 0.115042239314 0.0287605598285
195 3.41843003028 funny 0.88 47586 171.6 23.4 0.00360610263523 0.00049174126844
16152 6.89979693111 todayilearned 0.95 25378 15344.4 807.6 0.604633934904 0.0318228386792
2344 2.61679318667 todayilearned 0.92 25378 2156.48 187.52 0.0849743872646 0.00738907715344
3070 4.45182327444 todayilearned 0.96 25378 2947.2 122.8 0.116132082906 0.00483883678777
2211 4.56286862806 todayilearned 0.92 25378 2034.12 176.88 0.0801528883285 0.00696981637639
3291 9.45133789389 todayilearned 0.96 25378 3159.36 131.64 0.124492079754 0.00518716998975
34473 15.3461856389 todayilearned 0.93 25378 32059.89 2413.11 1.26329458586 0.0950866892584
1087 5.0277115975 todayilearned 0.96 25378 1043.52 43.48 0.0411190795177 0.0017132949799
784 3.67789581139 todayilearned 0.94 25378 736.96 47.04 0.0290393254 0.0018535739617
723 4.59633883972 todayilearned 0.95 25378 686.85 36.15 0.0270647805186 0.00142446213256
5806 14.940313885 todayilearned 0.95 25378 5515.7 290.3 0.217341792103 0.0114390416897
17809 17.7665654089 todayilearned 0.86 25378 15315.74 2493.26 0.603504610292 0.0982449365592
3874 14.4472440275 todayilearned 0.9 25378 3486.6 387.4 0.137386712901 0.0152651903223
307 1.293186515 todayilearned 0.95 25378 291.65 15.35 0.011492237371 0.000604854598471
2305 13.3174794897 todayilearned 0.96 25378 2212.8 92.2 0.0871936322799 0.00363306801166
95277 23.7226319544 todayilearned 0.89 25378 84796.53 10480.47 3.34134013713 0.41297462369
12193 23.9399108 todayilearned 0.96 25378 11705.28 487.72 0.461237292143 0.019218220506
4009 21.1301920147 todayilearned 0.93 25378 3728.37 280.63 0.146913468358 0.0110580029947
4699 22.7106077628 todayilearned 0.95 25378 4464.05 234.95 0.175902356372 0.0092580187564
281 8.53656480306 todayilearned 0.89 25378 250.09 30.91 0.00985459847112 0.0012179840807
87 2.17864289528 todayilearned 0.94 25378 81.78 5.22 0.00322247616045 0.000205689967689
52422 26.7934515208 todayilearned 0.89 25378 46655.58 5766.42 1.83842619592 0.227221215226
618 13.9059412414 todayilearned 0.93 25378 574.74 43.26 0.0226471747183 0.00170462605406
313 10.28522621 todayilearned 0.93 25378 291.09 21.91 0.0114701710143 0.000863346205375
69 2.17420243583 todayilearned 0.94 25378 64.86 4.14 0.00255575695484 0.00016313342265
714 15.8798134622 todayilearned 0.92 25378 656.88 57.12 0.0258838363937 0.00225076838206
8658 6.37966601417 gaming 0.94 32837 8138.52 519.48 0.247846027347 0.0158199591924
16150 8.117651065 gaming 0.91 32837 14696.5 1453.5 0.44755915583 0.0442640923349
4367 9.10794392667 gaming 0.87 32837 3799.29 567.71 0.115701495264 0.0172887291775
1273 3.69580957528 gaming 0.93 32837 1183.89 89.11 0.0360535371684 0.0027137070987
1899 6.36786536778 gaming 0.94 32837 1785.06 113.94 0.0543612388464 0.00346986630935
1938 7.38883879194 gaming 0.92 32837 1782.96 155.04 0.0542972865974 0.00472150318239
2336 9.30565088056 gaming 0.92 32837 2149.12 186.88 0.0654481225447 0.00569114109084
65039 14.0364697964 gaming 0.74 32837 48128.86 16910.14 1.46568992295 0.514972135092
9366 16.1449066519 gaming 0.9 32837 8429.4 936.6 0.256704327436 0.0285227030484
3277 14.0240081236 gaming 0.94 32837 3080.38 196.62 0.0938082041599 0.00598775771234
36538 18.5710701039 gaming 0.85 32837 31057.3 5480.7 0.945801991656 0.166906233822
847 8.03961397889 gaming 0.87 32837 736.89 110.11 0.0224408441697 0.00335322958857
424 4.50412572139 gaming 0.94 32837 398.56 25.44 0.0121375277888 0.000774735816305
368 3.95416166083 gaming 0.89 32837 327.52 40.48 0.00997411456589 0.00123275573286
244 1.74865649806 gaming 0.88 32837 214.72 29.28 0.0065389651917 0.000891677071596
944 8.86066493667 gaming 0.91 32837 859.04 84.96 0.0261607333191 0.00258732527332
1176 10.5610242092 gaming 0.89 32837 1046.64 129.36 0.0318738008953 0.00393945853763
560 6.97200350556 gaming 0.88 32837 492.8 67.2 0.0150074610957 0.0020464719676
329 4.86378543944 gaming 0.78 32837 256.62 72.38 0.00781496482626 0.00220422084843
6708 19.7474317036 gaming 0.88 32837 5903.04 804.96 0.179767944697 0.0245138106404
247 4.29448728417 gaming 0.9 32837 222.3 24.7 0.0067698023571 0.0007522002619
1041 13.0779073292 gaming 0.86 32837 895.26 145.74 0.0272637573469 0.00443828607973
46870 24.0606335883 gaming 0.91 32837 42651.7 4218.3 1.29889149435 0.128461796145
6468 22.0205214947 gaming 0.94 32837 6079.92 388.08 0.185154551268 0.0118183756129
11832 5.46924073806 news 0.95 27717 11240.4 591.6 0.405541725295 0.0213443013313
4768 4.42984595639 news 0.96 27717 4577.28 190.72 0.165143413789 0.00688097557456
10826 13.1624559536 news 0.96 27717 10392.96 433.04 0.374966987769 0.0156236244904
3347 12.7216744678 news 0.92 27717 3079.24 267.76 0.11109571743 0.0096604971678
2632 12.5080589528 news 0.94 27717 2474.08 157.92 0.0892621856622 0.00569758631887
759 6.08150180417 news 0.91 27717 690.69 68.31 0.0249193635675 0.00246455244074
413 4.24556845028 news 0.77 27717 318.01 94.99 0.0114734639391 0.00342713857921
250 2.60255270833 news 0.92 27717 230.0 20.0 0.00829815636613 0.000721578814446
3993 17.834311085 news 0.96 27717 3833.28 159.72 0.138300681892 0.00576252841217
89837 22.7763685925 news 0.9 27717 80853.3 8983.7 2.9171014179 0.324122379767
1910 15.3041109061 news 0.94 27717 1795.4 114.6 0.0647761301728 0.00413464660678
1983 16.3308968031 news 0.93 27717 1844.19 138.81 0.0665364216907 0.00500811776166
61182 24.7371351642 news 0.91 27717 55675.62 5506.38 2.00871739366 0.198664357614
189 5.00297906528 news 0.85 27717 160.65 28.35 0.00579608182704 0.00102283796948
124 4.11396806611 news 0.86 27717 106.64 17.36 0.00384745823863 0.000626330410939
222 7.86933101917 news 0.89 27717 197.58 24.42 0.00712847710791 0.000881047732439
4799 24.5614547264 news 0.92 27717 4415.08 383.92 0.159291409604 0.0138514269221
94 5.25881303111 news 0.86 27717 80.84 13.16 0.00291662156799 0.000474798859905
298 11.8008458242 news 0.93 27717 277.14 20.86 0.00999891763178 0.000752606703467
54074 29.898616775 news 0.89 27717 48125.86 5948.14 1.73633005015 0.214602590468
192 10.0047354486 news 0.86 27717 165.12 26.88 0.00595735469207 0.000969801926615
432 14.6260308092 news 0.92 27717 397.44 34.56 0.0143392142007 0.00124688819136
2102 23.1944676447 news 0.95 27717 1996.9 105.1 0.0720460367284 0.00379189666991
46 2.45331504222 news 0.88 27717 40.48 5.52 0.00146047552044 0.000199155752787
37 1.06199137528 news 0.86 27717 31.82 5.18 0.00114803189378 0.000186888912942
